segments_x=#VAS
show_negative_x=1
show_positive_x=1
show_grid_x=1
logarithmic_x=0
range_bottom_x=0.000000
range_top_x=#CHANNELS
minimum_distance_x=30.000000
offset_x=4.000000
size_x=1.000000
color_R_x=0.000000
color_G_x=0.000000
color_B_x=0.000000
segments_y=5
show_negative_y=1
show_positive_y=1
show_grid_y=1
logarithmic_y=0
range_bottom_y=0.000000
range_top_y=5.000000
minimum_distance_y=20.000000
offset_y=4.000000
size_y=1.000000
color_R_y=0.000000
color_G_y=0.000000
color_B_y=0.000000
border_x=10
border_y=10
show_borders_z=1
dot_size_0_z=0.000000
line_size_0_z=1.500000
color_R_0_z=0.600000
color_G_0_z=0.000000
color_B_0_z=0.000000
bins_0_z=0.000000
dot_size_1_z=0.000000
line_size_1_z=0.000000
color_R_1_z=0.000000
color_G_1_z=0.000000
color_B_1_z=0.000000
bins_1_z=0.000000
dot_size_2_z=0.000000
line_size_2_z=0.000000
color_R_2_z=0.000000
color_G_2_z=0.000000
color_B_2_z=0.000000
bins_2_z=0.000000
dot_size_3_z=0.000000
line_size_3_z=0.000000
color_R_3_z=0.000000
color_G_3_z=0.000000
color_B_3_z=0.000000
bins_3_z=0.000000
